Session 10% 15% 20% 25% 27% 28% 29% 31% 32% 33% 35% 40% 50% 60%
1 106 111 114 122 149 152 159 184 172 150 132 113 106 105
2 24 24 23 31 38 40 44 30 32 33 30 26 23 22
3 63 63 73 81 92 91 114 100 85 78 70 61 60 59
4 36 34 34 40 55 49 60 75 44 42 42 32 32 33
5 77 81 88 99 104 116 135 134 108 88 89 74 73 76
6 61 64 67 70 93 91 95 117 90 80 69 63 66 65
7 26 27 27 31 45 36 44 41 36 33 31 27 26 26
8 22 20 21 28 35 38 39 24 25 31 24 20 20 19
9 20 22 22 27 29 29 42 50 39 35 24 24 23 21
10 72 70 72 75 91 92 101 144 109 97 76 73 65 72
11 19 19 17 17 19 21 22 28 26 27 18 22 18 18
12 81 77 78 103 114 122 139 122 121 97 82 77 79 77
13 50 50 50 50 50 50 50 50 50 50 50 50 50 50
14 29 32 28 32 34 46 41 60 49 43 33 31 30 26
15 68 65 69 79 97 89 96 92 102 86 75 68 67 69
16 110 112 117 134 160 159 191 168 150 128 122 113 113 112
17 50 50 52 60 61 73 77 83 70 72 61 49 49 49
18 70 68 68 82 98 106 113 109 90 80 76 69 67 71
19 84 88 85 91 98 123 138 156 129 114 99 86 85 86
20 72 73 68 88 90 107 97 113 103 108 82 74 72 71
21 31 30 33 32 45 45 62 47 49 35 31 34 31 32