Session 10% 15% 20% 25% 27% 28% 29% 31% 32% 33% 35% 40% 50% 60%
1 60 59 51 64 66 62 54 63 69 75 101 65 49 43
2 63 55 52 59 75 65 74 81 91 65 87 87 56 34
3 56 71 73 47 81 74 83 73 67 87 104 79 60 51
4 81 76 102 103 91 74 92 96 110 89 125 89 59 52
5 77 77 71 64 77 75 84 90 82 96 79 76 47 46
6 52 49 54 61 66 61 49 75 80 71 59 56 38 37
7 39 33 43 30 53 47 52 40 58 61 48 42 33 31
8 62 47 57 60 67 77 72 62 79 75 83 56 37 31
9 48 51 58 74 60 76 75 56 71 63 60 50 44 45
10 47 38 46 54 49 48 66 74 58 58 38 38 37 37
11 48 48 56 57 79 90 86 101 78 57 57 54 45 47
12 29 41 46 41 57 54 64 74 48 69 59 43 43 33
13 44 48 58 53 53 66 77 83 78 70 64 54 48 47
14 32 27 32 40 40 31 42 64 36 31 43 32 31 25
15 31 35 31 42 43 41 44 52 52 48 36 37 38 36
16 41 43 42 41 57 71 61 84 45 59 59 41 41 40
17 30 40 33 39 58 46 68 70 56 54 44 39 40 33
18 22 19 27 27 36 34 46 38 34 43 33 26 19 27
19 44 39 47 50 55 60 80 83 61 73 50 44 37 37
20 36 32 36 37 44 59 60 87 58 51 35 39 37 32
21 32 45 32 47 31 49 55 48 43 55 42 30 29 29
22 49 46 48 56 61 56 73 88 90 54 60 49 38 47
23 62 70 64 72 74 78 99 117 96 95 75 59 62 56
24 60 61 56 62 82 79 85 100 88 88 69 67 53 63
25 59 53 47 71 63 79 82 97 73 79 64 58 61 40